[38;2;170;170;170;48;2;0;0;0m                                                                                                   [0m
[38;2;170;170;170;48;2;85;85;85m░░░░░░░░░░░░░░░░░░░░░░░░░░░░░░░░░░░░░░░░░░░░░░░░░░░░░░░░░░░░░░░░░░░░░░░░░░░░░░░░░░░░░░░░░░░░░░░░░░░[0m
[38;2;170;170;170;48;2;85;85;85m░░░░░░░░░░░░░░░░░░░░░░░░░░░░░░░░░░░░░░░░░░░░░░░░░░░░░░░░░░░░░░░░░░░░░░░░░░░░░░░░░░░░░░░░░░░░░░░░░░░[0m
[38;2;170;170;170;48;2;85;85;85m░░░░░[38;2;0;0;0;48;2;170;170;170mApple                         [38;2;170;170;170;48;2;85;85;85m░░░░░[48;2;0;0;170mSortedListBox Demo[48;2;85;85;85m░░░░░░░░░░░░░░░░░░░░░░░░░░░░░░░░░░░░░░░░░[0m
[38;2;170;170;170;48;2;85;85;85m░░░░░[38;2;0;0;0;48;2;170;170;170mApricot                       [38;2;170;170;170;48;2;85;85;85m░░░░░░░░░░░░░░░░░░░░░░░░░░░░░░░░░░░░░░░░░░░░░░░░░░░░░░░░░░░░░░░░[0m
[38;2;170;170;170;48;2;85;85;85m░░░░░[38;2;0;0;0;48;2;170;170;170mAvocado                       [38;2;170;170;170;48;2;85;85;85m░░░░░[48;2;0;0;170mItems are automatically sorted[48;2;85;85;85m░░░░░░░░░░░░░░░░░░░░░░░░░░░░░[0m
[38;2;170;170;170;48;2;85;85;85m░░░░░[38;2;0;0;0;48;2;170;170;170mBanana                        [38;2;170;170;170;48;2;85;85;85m░░░░░[48;2;0;0;170malphabetically (case-insensitive).[48;2;85;85;85m░░░░░░░░░░░░░░░░░░░░░░░░░[0m
[38;2;170;170;170;48;2;85;85;85m░░░░░[38;2;0;0;0;48;2;170;170;170mBlueberry                     [38;2;170;170;170;48;2;85;85;85m░░░░░░░░░░░░░░░░░░░░░░░░░░░░░░░░░░░░░░░░░░░░░░░░░░░░░░░░░░░░░░░░[0m
[38;2;170;170;170;48;2;85;85;85m░░░░░[38;2;0;0;0;48;2;170;170;170mCherry                        [38;2;170;170;170;48;2;85;85;85m░░░░░[48;2;0;0;170mBinary Search:[48;2;85;85;85m░░░░░░░░░░░░░░░░░░░░░░░░░░░░░░░░░░░░░░░░░░░░░[0m
[38;2;170;170;170;48;2;85;85;85m░░░░░[38;2;0;0;0;48;2;170;170;170mCoconut                       [38;2;170;170;170;48;2;85;85;85m░░░░░[48;2;0;0;170m- Press F1 to jump to 'A'[48;2;85;85;85m░░░░░░░░░░░░░░░░░░░░░░░░░░░░░░░░░░[0m
[38;2;170;170;170;48;2;85;85;85m░░░░░[38;2;255;255;255;48;2;0;0;170mDate                          [38;2;170;170;170;48;2;85;85;85m░░░░░[48;2;0;0;170m- Press F2 to jump to 'B'[48;2;85;85;85m░░░░░░░░░░░░░░░░░░░░░░░░░░░░░░░░░░[0m
[38;2;170;170;170;48;2;85;85;85m░░░░░[38;2;0;0;0;48;2;170;170;170mElderberry                    [38;2;170;170;170;48;2;85;85;85m░░░░░[48;2;0;0;170m- Press F3 to jump to 'C'[48;2;85;85;85m░░░░░░░░░░░░░░░░░░░░░░░░░░░░░░░░░░[0m
[38;2;170;170;170;48;2;85;85;85m░░░░░[38;2;0;0;0;48;2;170;170;170mFig                           [38;2;170;170;170;48;2;85;85;85m░░░░░░░░░░░░░░░░░░░░░░░░░░░░░░░░░░░░░░░░░░░░░░░░░░░░░░░░░░░░░░░░[0m
[38;2;170;170;170;48;2;85;85;85m░░░░░[38;2;0;0;0;48;2;170;170;170mGrape                         [38;2;170;170;170;48;2;85;85;85m░░░░░[48;2;0;0;170mCase Sensitivity:[48;2;85;85;85m░░░░░░░░░░░░░░░░░░░░░░░░░░░░░░░░░░░░░░░░░░[0m
[38;2;170;170;170;48;2;85;85;85m░░░░░[38;2;0;0;0;48;2;170;170;170mKiwi                          [38;2;170;170;170;48;2;85;85;85m░░░░░[48;2;0;0;170m- Press F4 to toggle[48;2;85;85;85m░░░░░░░░░░░░░░░░░░░░░░░░░░░░░░░░░░░░░░░[0m
[38;2;170;170;170;48;2;85;85;85m░░░░░[38;2;0;0;0;48;2;170;170;170mMango                         [38;2;170;170;170;48;2;85;85;85m░░░░░[48;2;0;0;170m- Currently: Case-INSENSITIVE[48;2;85;85;85m░░░░░░░░░░░░░░░░░░░░░░░░░░░░░░[0m
[38;2;170;170;170;48;2;85;85;85m░░░░░[38;2;0;0;0;48;2;170;170;170mZebra                         [38;2;170;170;170;48;2;85;85;85m░░░░░░░░░░░░░░░░░░░░░░░░░░░░░░░░░░░░░░░░░░░░░░░░░░░░░░░░░░░░░░░░[0m
[38;2;170;170;170;48;2;85;85;85m░░░░░[38;2;0;0;0;48;2;170;170;170m                              [38;2;170;170;170;48;2;85;85;85m░░░░░[48;2;0;0;170mNavigation:[48;2;85;85;85m░░░░░░░░░░░░░░░░░░░░░░░░░░░░░░░░░░░░░░░░░░░░░░░░[0m
[38;2;170;170;170;48;2;85;85;85m░░░░░░░░░░░░░░░░░░░░░░░░░░░░░░░░░░░░░░░░[48;2;0;0;170m- ↑/↓ to navigate[48;2;0;0;0m    [48;2;85;85;85m░░░░░░░░░░░░░░░░░░░░░░░░░░░░░░░░░░░░░░[0m
[38;2;170;170;170;48;2;85;85;85m░░░░░[48;2;0;0;170mSelected: Date[48;2;85;85;85m░░░░░░░░░░░░░░░░░░░░░[48;2;0;0;170m- PgUp/PgDn for pages[48;2;85;85;85m░░░░░░░░░░░░░░░░░░░░░░░░░░░░░░░░░░░░░░[0m
[38;2;170;170;170;48;2;85;85;85m░░░░░░░░░░░░░░░░░░░░░░░░░░░░░░░░░░░░░░░░[48;2;0;0;170m- Home/End for first/last[48;2;85;85;85m░░░░░░░░░░░░░░░░░░░░░░░░░░░░░░░░░░[0m
[38;2;170;170;170;48;2;85;85;85m░░░░░░░░░░░░░░░░░░░░░░░░░░░░░░░░░░░░░░░░░░░░░░░░░░░░░░░░░░░░░░░░░░░░░░░░░░░░░░░░░░░░░░░░░░░░░░░░░░░[0m
[38;2;170;170;170;48;2;85;85;85m░░░░░░░░░░░░░░░░░░░░░░░░░░░░░░░░░░░░░░░░░░░░░░░░░░░░░░░░░░░░░░░░░░░░░░░░░░░░░░░░░░░░░░░░░░░░░░░░░░░[0m
[38;2;170;170;170;48;2;85;85;85m░░░░░░░░░░░░░░░░░░░░░░░░░░░░░░░░░░░░░░░░░░░░░░░░░░░░░░░░░░░░░░░░░░░░░░░░░░░░░░░░░░░░░░░░░░░░░░░░░░░[0m
[38;2;170;170;170;48;2;85;85;85m░░░░░░░░░░░░░░░░░░░░░░░░░░░░░░░░░░░░░░░░░░░░░░░░░░░░░░░░░░░░░░░░░░░░░░░░░░░░░░░░░░░░░░░░░░░░░░░░░░░[0m
[38;2;170;170;170;48;2;85;85;85m░░░░░░░░░░░░░░░░░░░░░░░░░░░░░░░░░░░░░░░░░░░░░░░░░░░░░░░░░░░░░░░░░░░░░░░░░░░░░░░░░░░░░░░░░░░░░░░░░░░[0m
[38;2;170;170;170;48;2;85;85;85m░░░░░░░░░░░░░░░░░░░░░░░░░░░░░░░░░░░░░░░░░░░░░░░░░░░░░░░░░░░░░░░░░░░░░░░░░░░░░░░░░░░░░░░░░░░░░░░░░░░[0m
[38;2;170;170;170;48;2;85;85;85m░░░░░░░░░░░░░░░░░░░░░░░░░░░░░░░░░░░░░░░░░░░░░░░░░░░░░░░░░░░░░░░░░░░░░░░░░░░░░░░░░░░░░░░░░░░░░░░░░░░[0m
[38;2;170;170;170;48;2;85;85;85m░░░░░░░░░░░░░░░░░░░░░░░░░░░░░░░░░░░░░░░░░░░░░░░░░░░░░░░░░░░░░░░░░░░░░░░░░░░░░░░░░░░░░░░░░░░░░░░░░░░[0m
[38;2;170;170;170;48;2;85;85;85m░░░░░░░░░░░░░░░░░░░░░░░░░░░░░░░░░░░░░░░░░░░░░░░░░░░░░░░░░░░░░░░░░░░░░░░░░░░░░░░░░░░░░░░░░░░░░░░░░░░[0m
[38;2;170;170;170;48;2;85;85;85m░░░░░░░░░░░░░░░░░░░░░░░░░░░░░░░░░░░░░░░░░░░░░░░░░░░░░░░░░░░░░░░░░░░░░░░░░░░░░░░░░░░░░░░░░░░░░░░░░░░[0m
[38;2;170;170;170;48;2;85;85;85m░░░░░░░░░░░░░░░░░░░░░░░░░░░░░░░░░░░░░░░░░░░░░░░░░░░░░░░░░░░░░░░░░░░░░░░░░░░░░░░░░░░░░░░░░░░░░░░░░░░[0m
[38;2;170;170;170;48;2;85;85;85m░░░░░░░░░░░░░░░░░░░░░░░░░░░░░░░░░░░░░░░░░░░░░░░░░░░░░░░░░░░░░░░░░░░░░░░░░░░░░░░░░░░░░░░░░░░░░░░░░░░[0m
[38;2;170;170;170;48;2;85;85;85m░░░░░░░░░░░░░░░░░░░░░░░░░░░░░░░░░░░░░░░░░░░░░░░░░░░░░░░░░░░░░░░░░░░░░░░░░░░░░░░░░░░░░░░░░░░░░░░░░░░[0m
[38;2;170;170;170;48;2;85;85;85m░░░░░░░░░░░░░░░░░░░░░░░░░░░░░░░░░░░░░░░░░░░░░░░░░░░░░░░░░░░░░░░░░░░░░░░░░░░░░░░░░░░░░░░░░░░░░░░░░░░[0m
[38;2;170;170;170;48;2;85;85;85m░░░░░░░░░░░░░░░░░░░░░░░░░░░░░░░░░░░░░░░░░░░░░░░░░░░░░░░░░░░░░░░░░░░░░░░░░░░░░░░░░░░░░░░░░░░░░░░░░░░[0m
[38;2;170;170;170;48;2;85;85;85m░░░░░░░░░░░░░░░░░░░░░░░░░░░░░░░░░░░░░░░░░░░░░░░░░░░░░░░░░░░░░░░░░░░░░░░░░░░░░░░░░░░░░░░░░░░░░░░░░░░[0m
[38;2;170;170;170;48;2;85;85;85m░░░░░░░░░░░░░░░░░░░░░░░░░░░░░░░░░░░░░░░░░░░░░░░░░░░░░░░░░░░░░░░░░░░░░░░░░░░░░░░░░░░░░░░░░░░░░░░░░░░[0m
[38;2;170;170;170;48;2;85;85;85m░░░░░░░░░░░░░░░░░░░░░░░░░░░░░░░░░░░░░░░░░░░░░░░░░░░░░░░░░░░░░░░░░░░░░░░░░░░░░░░░░░░░░░░░░░░░░░░░░░░[0m
[38;2;170;170;170;48;2;85;85;85m░░░░░░░░░░░░░░░░░░░░░░░░░░░░░░░░░░░░░░░░░░░░░░░░░░░░░░░░░░░░░░░░░░░░░░░░░░░░░░░░░░░░░░░░░░░░░░░░░░░[0m
[38;2;170;170;170;48;2;85;85;85m░░░░░░░░░░░░░░░░░░░░░░░░░░░░░░░░░░░░░░░░░░░░░░░░░░░░░░░░░░░░░░░░░░░░░░░░░░░░░░░░░░░░░░░░░░░░░░░░░░░[0m
[38;2;170;170;170;48;2;85;85;85m░░░░░░░░░░░░░░░░░░░░░░░░░░░░░░░░░░░░░░░░░░░░░░░░░░░░░░░░░░░░░░░░░░░░░░░░░░░░░░░░░░░░░░░░░░░░░░░░░░░[0m
[38;2;0;0;0;48;2;170;170;170m [38;2;170;0;0mF1[38;2;0;0;0m Jump to A │ [38;2;170;0;0mF2[38;2;0;0;0m Jump to B │ [38;2;170;0;0mF3[38;2;0;0;0m Jump to C │ [38;2;170;0;0mF4[38;2;0;0;0m Toggle Case │ [38;2;170;0;0mF10[38;2;0;0;0m Quit │                          [0m
